,age_at_incident_years,release_tons,damage_cost_usd,response_time_minutes,pipeline_diameter_inches,operating_pressure_psi,year
age_at_incident_years,1.0,-0.032840406531708,-0.026964040703077393,-0.0016011185451969836,0.10803282782337796,-0.04521607852410223,-0.08717194274084959
release_tons,-0.032840406531708,1.0,0.9916772737537922,-0.08942881482046322,-0.00748334214230026,0.07375734919429619,-0.13152461337764282
damage_cost_usd,-0.026964040703077393,0.9916772737537922,1.0,-0.07650380038126843,-0.017657967835633465,0.08281843803255673,-0.11962673363386611
response_time_minutes,-0.0016011185451969836,-0.08942881482046322,-0.07650380038126843,1.0,-0.15233033217499053,0.02180324037548503,-0.015288777931115464
pipeline_diameter_inches,0.10803282782337796,-0.00748334214230026,-0.017657967835633465,-0.15233033217499053,1.0,-0.06527281279320554,0.11093885024653824
operating_pressure_psi,-0.04521607852410223,0.07375734919429619,0.08281843803255673,0.02180324037548503,-0.06527281279320554,1.0,-0.15758945343924297
year,-0.08717194274084959,-0.13152461337764282,-0.11962673363386611,-0.015288777931115464,0.11093885024653824,-0.15758945343924297,1.0
